,date,decideCnt,deathCnt,daily_decideCnt
486,2020-01-01,0,0,
485,2020-02-01,0,0,0.0
484,2020-02-02,2,2,2.0
483,2020-02-03,15,0,13.0
482,2020-02-04,0,0,-15.0
481,2020-02-05,19,0,19.0
480,2020-02-06,23,0,4.0
479,2020-02-07,24,0,1.0
478,2020-02-08,24,0,0.0
477,2020-02-09,27,0,3.0
476,2020-02-10,27,0,0.0
475,2020-02-11,28,0,1.0
474,2020-02-12,28,0,0.0
473,2020-02-13,28,0,0.0
472,2020-02-14,28,0,0.0
471,2020-02-15,28,0,0.0
470,2020-02-16,29,0,1.0
469,2020-02-17,30,0,1.0
468,2020-02-18,31,0,1.0
467,2020-02-19,51,0,20.0
466,2020-02-20,104,1,53.0
465,2020-02-21,204,1,100.0
464,2020-02-22,433,2,229.0
463,2020-02-23,602,5,169.0
462,2020-02-24,833,7,231.0
461,2020-02-25,977,10,144.0
460,2020-02-26,1261,12,284.0
459,2020-02-27,1766,13,505.0
458,2020-02-28,2337,13,571.0
457,2020-02-29,3150,17,813.0
456,2020-03-01,3736,18,586.0
455,2020-03-02,4212,22,476.0
454,2020-03-03,4812,28,600.0
453,2020-03-04,5328,32,516.0
452,2020-03-05,5766,35,438.0
451,2020-03-06,6284,42,518.0
450,2020-03-07,6767,44,483.0
449,2020-03-08,7134,50,367.0
448,2020-03-09,7382,51,248.0
447,2020-03-10,7513,54,131.0
446,2020-03-11,7755,60,242.0
445,2020-03-12,7869,66,114.0
444,2020-03-13,7979,67,110.0
443,2020-03-14,8086,72,107.0
442,2020-03-15,8162,75,76.0
441,2020-03-16,8236,75,74.0
440,2020-03-17,8320,81,84.0
439,2020-03-18,8413,84,93.0
438,2020-03-19,8565,91,152.0
437,2020-03-20,8652,94,87.0
436,2020-03-21,8799,102,147.0
435,2020-03-22,8897,104,98.0
434,2020-03-23,8961,111,64.0
433,2020-03-24,9037,120,76.0
432,2020-03-25,9137,126,100.0
431,2020-03-26,9241,131,104.0
430,2020-03-27,9332,139,91.0
429,2020-03-28,9478,144,146.0
428,2020-03-29,9583,152,105.0
427,2020-03-30,9661,158,78.0
426,2020-03-31,9786,162,125.0
425,2020-04-01,9887,165,101.0
424,2020-04-02,9976,169,89.0
423,2020-04-03,10062,174,86.0
422,2020-04-04,10156,177,94.0
421,2020-04-05,10237,183,81.0
420,2020-04-06,10284,186,47.0
419,2020-04-07,10331,192,47.0
418,2020-04-08,10384,200,53.0
417,2020-04-09,10423,204,39.0
416,2020-04-10,10450,208,27.0
415,2020-04-11,10480,211,30.0
414,2020-04-12,10512,214,32.0
413,2020-04-13,10537,217,25.0
412,2020-04-14,10564,222,27.0
411,2020-04-15,10591,225,27.0
410,2020-04-16,10613,229,22.0
409,2020-04-17,10635,230,22.0
408,2020-04-18,10653,232,18.0
407,2020-04-19,10661,234,8.0
406,2020-04-20,10674,236,13.0
405,2020-04-21,10683,237,9.0
404,2020-04-22,10694,238,11.0
403,2020-04-23,10702,240,8.0
402,2020-04-24,10708,240,6.0
401,2020-04-25,10718,240,10.0
400,2020-04-26,10728,242,10.0
399,2020-04-27,10738,243,10.0
398,2020-04-28,10752,244,14.0
397,2020-04-29,10761,246,9.0
396,2020-04-30,10765,247,4.0
395,2020-05-01,10774,248,9.0
394,2020-05-02,10780,250,6.0
393,2020-05-03,10793,250,13.0
392,2020-05-04,10801,252,8.0
391,2020-05-05,10804,254,3.0
390,2020-05-06,10806,255,2.0
389,2020-05-07,10810,256,4.0
388,2020-05-08,10822,256,12.0
387,2020-05-09,10840,256,18.0
386,2020-05-10,10874,256,34.0
385,2020-05-11,10909,256,35.0
384,2020-05-12,10936,258,27.0
383,2020-05-13,10962,259,26.0
382,2020-05-14,10991,260,29.0
381,2020-05-15,11018,260,27.0
380,2020-05-16,11037,262,19.0
379,2020-05-17,11050,262,13.0
378,2020-05-18,11065,263,15.0
377,2020-05-19,11078,263,13.0
376,2020-05-20,11110,263,32.0
375,2020-05-21,11122,264,12.0
374,2020-05-22,11142,264,20.0
373,2020-05-23,11165,266,23.0
372,2020-05-24,11190,266,25.0
371,2020-05-25,11206,267,16.0
370,2020-05-26,11225,269,19.0
369,2020-05-27,11265,269,40.0
368,2020-05-28,11344,269,79.0
367,2020-05-29,11402,269,58.0
366,2020-05-30,11441,269,39.0
365,2020-05-31,11468,270,27.0
364,2020-06-01,11503,271,35.0
363,2020-06-02,11541,272,38.0
362,2020-06-03,11590,273,49.0
361,2020-06-04,11629,273,39.0
360,2020-06-05,11668,273,39.0
359,2020-06-06,11719,273,51.0
358,2020-06-07,11776,273,57.0
357,2020-06-08,11813,273,37.0
356,2020-06-09,11851,274,38.0
355,2020-06-10,11901,276,50.0
354,2020-06-11,11946,276,45.0
353,2020-06-12,12002,277,56.0
352,2020-06-13,12050,277,48.0
351,2020-06-14,12084,277,34.0
350,2020-06-15,12121,277,37.0
349,2020-06-16,12155,278,34.0
348,2020-06-17,12198,279,43.0
347,2020-06-18,12257,280,59.0
346,2020-06-19,12306,280,49.0
345,2020-06-20,12373,280,67.0
344,2020-06-21,12421,280,48.0
343,2020-06-22,12438,280,17.0
342,2020-06-23,12484,281,46.0
341,2020-06-24,12535,281,51.0
340,2020-06-25,12563,282,28.0
339,2020-06-26,12602,282,39.0
338,2020-06-27,12653,282,51.0
337,2020-06-28,12715,282,62.0
336,2020-06-29,12757,282,42.0
335,2020-06-30,12799,282,42.0
334,2020-07-01,12850,282,51.0
333,2020-07-02,12904,282,54.0
332,2020-07-03,12965,282,61.0
331,2020-07-04,13028,283,63.0
330,2020-07-05,13089,283,61.0
329,2020-07-06,13137,284,48.0
328,2020-07-07,13181,285,44.0
327,2020-07-08,13243,285,62.0
326,2020-07-09,13293,287,50.0
325,2020-07-10,13338,288,45.0
324,2020-07-11,13373,288,35.0
323,2020-07-12,13417,289,44.0
322,2020-07-13,13479,289,62.0
321,2020-07-14,13512,289,33.0
320,2020-07-15,13551,289,39.0
319,2020-07-16,13612,291,61.0
318,2020-07-17,13672,293,60.0
317,2020-07-18,13711,294,39.0
316,2020-07-19,13745,295,34.0
315,2020-07-20,13771,296,26.0
314,2020-07-21,13816,296,45.0
313,2020-07-22,13879,297,63.0
312,2020-07-23,13938,297,59.0
311,2020-07-24,13979,298,41.0
310,2020-07-25,14092,298,113.0
309,2020-07-26,14150,298,58.0
308,2020-07-27,14175,299,25.0
307,2020-07-28,14203,300,28.0
306,2020-07-29,14251,300,48.0
305,2020-07-30,14269,300,18.0
304,2020-07-31,14305,301,36.0
303,2020-08-01,14336,301,31.0
302,2020-08-02,14366,301,30.0
301,2020-08-03,14389,301,23.0
300,2020-08-04,14423,301,34.0
299,2020-08-05,14456,302,33.0
298,2020-08-06,14499,302,43.0
297,2020-08-07,14519,303,20.0
296,2020-08-08,14562,304,43.0
295,2020-08-09,14598,305,36.0
294,2020-08-10,14626,305,28.0
293,2020-08-11,14660,305,34.0
292,2020-08-12,14714,305,54.0
291,2020-08-13,14770,305,56.0
290,2020-08-14,14873,305,103.0
289,2020-08-15,15039,305,166.0
288,2020-08-16,15318,305,279.0
287,2020-08-17,15515,305,197.0
286,2020-08-18,15761,306,246.0
285,2020-08-19,16058,306,297.0
284,2020-08-20,16346,307,288.0
283,2020-08-21,16670,309,324.0
282,2020-08-22,17002,309,332.0
281,2020-08-23,17398,309,396.0
280,2020-08-24,17664,309,266.0
279,2020-08-25,17944,310,280.0
278,2020-08-26,18264,312,320.0
277,2020-08-27,18705,313,441.0
276,2020-08-28,19076,316,371.0
275,2020-08-29,19399,321,323.0
274,2020-08-30,19698,323,299.0
273,2020-08-31,19946,324,248.0
272,2020-09-01,20181,324,235.0
271,2020-09-02,20448,326,267.0
270,2020-09-03,20643,329,195.0
269,2020-09-04,20841,331,198.0
268,2020-09-05,21009,333,168.0
267,2020-09-06,21176,334,167.0
266,2020-09-07,21295,336,119.0
265,2020-09-08,21431,341,136.0
264,2020-09-09,21587,344,156.0
263,2020-09-10,21742,346,155.0
262,2020-09-11,21918,350,176.0
261,2020-09-12,22054,355,136.0
260,2020-09-13,22175,358,121.0
259,2020-09-14,22284,363,109.0
258,2020-09-15,22390,367,106.0
257,2020-09-16,22503,367,113.0
256,2020-09-17,22656,372,153.0
255,2020-09-18,22782,377,126.0
254,2020-09-19,22892,378,110.0
253,2020-09-20,22974,383,82.0
252,2020-09-21,23044,385,70.0
251,2020-09-22,23105,388,61.0
250,2020-09-23,23215,388,110.0
249,2020-09-24,23340,393,125.0
248,2020-09-25,23454,395,114.0
247,2020-09-26,23515,399,61.0
246,2020-09-27,23610,401,95.0
245,2020-09-28,23660,406,50.0
244,2020-09-29,23698,407,38.0
243,2020-09-30,23811,413,113.0
242,2020-10-01,23888,415,77.0
241,2020-10-02,23951,416,63.0
240,2020-10-03,24026,420,75.0
239,2020-10-04,24090,421,64.0
238,2020-10-05,24163,422,73.0
237,2020-10-06,24238,422,75.0
236,2020-10-07,24352,425,114.0
235,2020-10-08,24421,427,69.0
234,2020-10-09,24475,428,54.0
233,2020-10-10,24547,430,72.0
232,2020-10-11,24605,432,58.0
231,2020-10-12,24703,433,98.0
230,2020-10-13,24805,434,102.0
229,2020-10-14,24878,438,73.0
228,2020-10-15,24988,439,110.0
227,2020-10-16,25035,441,47.0
226,2020-10-17,25108,443,73.0
225,2020-10-18,25199,444,91.0
224,2020-10-19,25275,444,76.0
223,2020-10-20,25333,447,58.0
222,2020-10-21,25422,450,89.0
221,2020-10-22,25543,453,121.0
220,2020-10-23,25698,455,155.0
219,2020-10-24,25775,457,77.0
218,2020-10-25,25836,457,61.0
217,2020-10-26,25955,457,119.0
216,2020-10-27,26043,460,88.0
215,2020-10-28,26146,461,103.0
214,2020-10-29,26271,462,125.0
213,2020-10-30,26384,463,113.0
212,2020-10-31,26511,464,127.0
211,2020-11-01,26635,466,124.0
210,2020-11-02,26732,468,97.0
209,2020-11-03,26807,472,75.0
208,2020-11-04,26924,474,117.0
207,2020-11-05,27049,475,125.0
206,2020-11-06,27194,476,145.0
205,2020-11-07,27283,477,89.0
204,2020-11-08,27426,478,143.0
203,2020-11-09,27552,480,126.0
202,2020-11-10,27652,485,100.0
201,2020-11-11,27797,487,145.0
200,2020-11-12,27940,487,143.0
199,2020-11-13,28131,488,191.0
198,2020-11-14,28336,492,205.0
197,2020-11-15,28544,493,208.0
196,2020-11-16,28766,494,222.0
195,2020-11-17,28996,494,230.0
194,2020-11-18,29281,496,285.0
193,2020-11-19,29606,498,325.0
192,2020-11-20,29954,501,348.0
191,2020-11-21,30340,503,386.0
190,2020-11-22,30670,505,330.0
189,2020-11-23,30941,509,271.0
188,2020-11-24,31290,510,349.0
187,2020-11-25,31672,513,382.0
186,2020-11-26,32253,515,581.0
185,2020-11-27,32808,516,555.0
184,2020-11-28,33311,522,503.0
183,2020-11-29,33761,523,450.0
182,2020-11-30,34199,526,438.0
181,2020-12-01,34650,526,451.0
180,2020-12-02,35161,526,511.0
179,2020-12-03,35701,529,540.0
178,2020-12-04,36329,536,628.0
177,2020-12-05,36906,540,577.0
176,2020-12-06,37537,545,631.0
175,2020-12-07,38152,549,615.0
173,2020-12-08,38878,552,726.0
174,2020-12-09,39409,556,531.0
172,2020-12-10,40089,564,680.0
171,2020-12-11,40778,572,689.0
170,2020-12-12,41728,578,950.0
169,2020-12-13,42758,580,1030.0
168,2020-12-14,43476,587,718.0
167,2020-12-15,44356,600,880.0
166,2020-12-16,45434,612,1078.0
165,2020-12-17,46448,634,1014.0
164,2020-12-18,47512,645,1064.0
163,2020-12-19,48557,659,1045.0
162,2020-12-20,49654,674,1097.0
161,2020-12-21,50578,698,924.0
160,2020-12-22,51444,722,866.0
159,2020-12-23,52534,739,1090.0
158,2020-12-24,53519,756,985.0
157,2020-12-25,54759,773,1240.0
156,2020-12-26,55890,793,1131.0
155,2020-12-27,56860,808,970.0
154,2020-12-28,57666,819,806.0
153,2020-12-29,58710,859,1044.0
152,2020-12-30,59760,879,1050.0
151,2020-12-31,60727,900,967.0
150,2021-01-01,61754,917,1027.0
149,2021-01-02,62574,942,820.0
148,2021-01-03,63231,962,657.0
147,2021-01-04,64251,981,1020.0
146,2021-01-05,64965,1007,714.0
145,2021-01-06,65803,1027,838.0
144,2021-01-07,66672,1046,869.0
143,2021-01-08,67346,1081,674.0
142,2021-01-09,67987,1100,641.0
141,2021-01-10,68644,1125,657.0
140,2021-01-11,69095,1140,451.0
139,2021-01-12,69632,1165,537.0
138,2021-01-13,70193,1185,561.0
137,2021-01-14,70717,1195,524.0
136,2021-01-15,71229,1217,512.0
135,2021-01-16,71809,1236,580.0
41,2021-01-17,72329,1249,520.0
134,2021-01-18,72718,1264,389.0
133,2021-01-19,73104,1283,386.0
132,2021-01-20,73508,1300,404.0
131,2021-01-21,73908,1316,400.0
130,2021-01-22,74254,1328,346.0
129,2021-01-23,74685,1337,431.0
128,2021-01-24,75077,1349,392.0
127,2021-01-25,75514,1360,437.0
126,2021-01-26,75863,1371,349.0
125,2021-01-27,76422,1378,559.0
124,2021-01-28,76919,1386,497.0
123,2021-01-29,77388,1399,469.0
122,2021-01-30,77844,1414,456.0
121,2021-01-31,78198,1420,354.0
120,2021-02-01,78503,1425,305.0
119,2021-02-02,78839,1435,336.0
118,2021-02-03,79306,1441,467.0
117,2021-02-04,79757,1448,451.0
116,2021-02-05,80127,1459,370.0
115,2021-02-06,80517,1464,390.0
114,2021-02-07,80888,1471,371.0
113,2021-02-08,81176,1474,288.0
112,2021-02-09,81479,1482,303.0
111,2021-02-10,81923,1486,444.0
110,2021-02-11,82427,1496,504.0
109,2021-02-12,82830,1507,403.0
108,2021-02-13,83192,1514,362.0
107,2021-02-14,83518,1522,326.0
106,2021-02-15,83861,1527,343.0
105,2021-02-16,84318,1534,457.0
104,2021-02-17,84939,1538,621.0
103,2021-02-18,85560,1544,621.0
102,2021-02-19,86121,1550,561.0
101,2021-02-20,86570,1553,449.0
100,2021-02-21,86985,1557,415.0
99,2021-02-22,87317,1562,332.0
98,2021-02-23,87673,1573,356.0
97,2021-02-24,88113,1576,440.0
96,2021-02-25,88508,1581,395.0
95,2021-02-26,88895,1585,387.0
94,2021-02-27,89310,1595,415.0
93,2021-02-28,89665,1603,355.0
92,2021-03-01,90020,1605,355.0
91,2021-03-02,90364,1606,344.0
90,2021-03-03,90808,1612,444.0
89,2021-03-04,91232,1619,424.0
88,2021-03-05,91630,1627,398.0
87,2021-03-06,92048,1632,418.0
86,2021-03-07,92464,1634,416.0
85,2021-03-08,92810,1642,346.0
84,2021-03-09,93256,1645,446.0
83,2021-03-10,93726,1648,470.0
82,2021-03-11,94191,1652,465.0
81,2021-03-12,94679,1662,488.0
80,2021-03-13,95169,1667,490.0
79,2021-03-14,95628,1669,459.0
78,2021-03-15,96007,1675,379.0
77,2021-03-16,96370,1678,363.0
76,2021-03-17,96839,1686,469.0
75,2021-03-18,97284,1688,445.0
74,2021-03-19,97747,1690,463.0
73,2021-03-20,98194,1693,447.0
72,2021-03-21,98650,1696,456.0
71,2021-03-22,99065,1697,415.0
70,2021-03-23,99411,1704,346.0
69,2021-03-24,99839,1707,428.0
68,2021-03-25,100269,1709,430.0
67,2021-03-26,100758,1716,489.0
66,2021-03-27,101263,1721,505.0
65,2021-03-28,101745,1722,482.0
64,2021-03-29,102127,1726,382.0
63,2021-03-30,102574,1729,447.0
62,2021-03-31,103080,1731,506.0
61,2021-04-01,103631,1735,551.0
60,2021-04-02,104188,1737,557.0
59,2021-04-03,104731,1740,543.0
58,2021-04-04,105273,1744,542.0
57,2021-04-05,105747,1748,474.0
56,2021-04-06,106224,1752,477.0
55,2021-04-07,106892,1756,668.0
54,2021-04-08,107592,1758,700.0
53,2021-04-09,108263,1764,671.0
52,2021-04-10,108940,1765,677.0
51,2021-04-11,109554,1768,614.0
50,2021-04-12,110141,1770,587.0
49,2021-04-13,110683,1775,542.0
48,2021-04-14,111414,1782,731.0
47,2021-04-15,112112,1788,698.0
46,2021-04-16,112785,1790,673.0
45,2021-04-17,113443,1794,658.0
44,2021-04-18,114114,1797,671.0
43,2021-04-19,114646,1801,532.0
42,2021-04-20,115195,1802,549.0
40,2021-04-21,115926,1806,731.0
39,2021-04-22,116661,1808,735.0
38,2021-04-23,117458,1811,797.0
37,2021-04-24,118243,1812,785.0
36,2021-04-25,118887,1813,644.0
35,2021-04-26,119386,1817,499.0
34,2021-04-27,119898,1820,512.0
33,2021-04-28,120666,1821,768.0
32,2021-04-29,121346,1825,680.0
31,2021-04-30,122007,1828,661.0
30,2021-05-01,122634,1831,627.0
29,2021-05-02,123240,1833,606.0
28,2021-05-03,123728,1834,488.0
27,2021-05-04,124269,1840,541.0
26,2021-05-05,124945,1847,676.0
25,2021-05-06,125519,1851,574.0
24,2021-05-07,126044,1860,525.0
23,2021-05-08,126745,1865,701.0
22,2021-05-09,127309,1874,564.0
21,2021-05-10,127772,1875,463.0
20,2021-05-11,128282,1879,510.0
19,2021-05-12,128918,1884,636.0
18,2021-05-13,129633,1891,715.0
17,2021-05-14,130380,1893,747.0
16,2021-05-15,131061,1896,681.0
15,2021-05-16,131671,1900,610.0
14,2021-05-17,132290,1903,619.0
13,2021-05-18,132818,1904,528.0
12,2021-05-19,133471,1912,653.0
11,2021-05-20,134117,1916,646.0
10,2021-05-21,134678,1922,561.0
9,2021-05-22,135344,1926,666.0
8,2021-05-23,135929,1931,585.0
7,2021-05-24,136459,1934,530.0
6,2021-05-25,136975,1938,516.0
5,2021-05-26,137674,1940,699.0
4,2021-05-27,138311,1943,637.0
3,2021-05-28,138898,1946,587.0
2,2021-05-29,139431,1951,533.0
1,2021-05-30,139910,1957,479.0
0,2021-05-31,140340,1959,430.0
